433	814
433	815
433	816
433	817
433	818
433	819
433	820
433	821
433	822
433	823
433	824
433	825
433	826
434	790
434	791
434	792
434	793
434	794
434	795
434	796
434	797
434	798
434	799
434	800
434	801
434	802
434	803
434	804
434	805
434	806
434	807
434	808
434	809
434	810
435	751
435	752
435	753
435	754
435	755
435	756
435	757
435	758
435	759
435	760
435	761
435	762
435	763
435	764
435	765
435	766
435	767
435	768
435	769
435	770
435	771
435	772
435	773
435	774
435	775
435	776
435	777
435	778
435	779
435	780
435	781
435	782
435	783
435	784
435	785
435	786
435	813
435	814
435	815
435	816
435	817
435	818
435	819
435	820
435	821
435	822
435	823
435	824
435	825
435	826
435	827
435	828
436	725
436	726
436	727
436	728
436	729
436	730
436	731
436	732
436	733
436	734
436	735
436	736
436	737
436	738
436	739
436	740
436	741
436	742
436	743
436	744
436	788
436	789
436	790
436	791
436	792
436	793
436	794
436	795
436	796
436	797
436	798
436	799
436	800
436	801
436	802
436	803
436	804
436	805
436	806
436	807
436	808
436	809
436	810
436	811
436	812
437	660
437	661
437	662
437	663
437	665
437	666
437	667
437	668
437	669
437	670
437	671
437	672
437	673
437	674
437	675
437	676
437	677
437	678
437	679
437	680
437	681
437	682
437	683
437	684
437	685
437	686
437	687
437	688
437	689
437	690
437	691
437	692
437	693
437	694
437	695
437	696
437	697
437	698
437	699
437	700
437	701
437	702
437	703
437	704
437	705
437	706
437	707
437	708
437	709
437	710
437	711
437	712
437	713
437	714
437	715
437	716
437	717
437	718
437	719
437	720
437	721
437	722
437	723
437	724
437	751
437	752
437	753
437	754
437	755
437	756
437	757
437	758
437	759
437	760
437	761
437	762
437	763
437	764
437	765
437	766
437	767
437	768
437	769
437	770
437	771
437	772
437	773
437	774
437	775
437	776
437	777
437	778
437	779
437	780
437	781
437	782
437	783
437	784
437	785
437	786
437	787
438	620
438	621
438	622
438	630
438	631
438	632
438	633
438	634
438	635
438	636
438	637
438	638
438	639
438	640
438	641
438	642
438	643
438	644
438	645
438	646
438	647
438	648
438	649
438	650
438	651
438	652
438	653
438	657
438	725
438	726
438	727
438	728
438	729
438	730
438	731
438	732
438	733
438	734
438	735
438	736
438	737
438	738
438	739
438	740
438	741
438	742
438	743
438	744
438	745
438	746
438	747
438	748
438	749
438	750
439	580
439	581
439	582
439	583
439	584
439	585
439	586
439	587
439	588
439	589
439	590
439	591
439	592
439	593
439	594
439	595
439	596
439	597
439	598
439	599
439	600
439	601
439	602
439	603
439	604
439	605
439	606
439	607
439	608
439	609
439	610
439	611
439	612
439	613
439	614
439	615
439	616
439	617
439	618
439	619
439	623
439	624
439	625
439	626
439	627
439	628
439	629
439	654
439	655
439	656
439	658
439	659
439	660
439	661
439	662
439	663
439	664
439	665
439	666
439	667
439	668
439	669
439	670
439	671
439	672
439	673
439	674
439	675
439	676
439	677
439	678
439	679
439	680
439	681
439	682
439	683
439	684
439	685
439	686
439	687
439	688
439	689
439	690
439	691
439	692
439	693
439	694
439	695
439	696
439	697
439	698
439	699
439	700
439	701
439	702
439	703
439	704
439	705
439	706
439	707
439	708
439	709
439	710
439	711
439	712
439	713
439	714
439	715
439	716
439	717
439	718
439	719
439	720
439	721
439	722
439	723
440	475
440	476
440	477
440	478
440	479
440	480
440	483
440	484
440	485
440	486
440	487
440	488
440	489
440	490
440	491
440	492
440	501
440	502
440	503
440	504
440	505
440	506
440	507
440	508
440	509
440	510
440	511
440	512
440	513
440	514
440	515
440	516
440	517
440	518
440	519
440	520
440	521
440	522
440	523
440	524
440	525
440	526
440	527
440	528
440	529
440	530
440	531
440	532
440	533
440	534
440	535
440	536
440	537
440	538
440	539
440	540
440	541
440	542
440	543
440	544
440	545
440	546
440	547
440	548
440	549
440	550
440	551
440	552
440	553
440	554
440	555
440	556
440	557
440	558
440	559
440	560
440	561
440	562
440	563
440	564
440	565
440	566
440	567
440	568
440	569
440	570
440	571
440	572
440	573
440	574
440	575
440	576
440	577
440	578
440	579
440	633
440	634
440	635
440	636
440	637
440	638
440	639
440	640
440	641
440	642
440	643
440	644
440	645
440	646
440	647
440	648
440	649
440	650
440	651
440	652
440	653
441	468
441	469
441	470
441	471
441	583
441	584
441	585
441	586
441	587
441	588
441	589
441	590
441	591
441	592
441	593
441	594
441	595
441	596
441	597
441	598
441	599
441	600
441	601
441	602
441	603
441	604
441	605
441	606
441	607
441	608
441	609
441	610
441	611
441	612
441	613
441	614
441	615
441	616
441	617
441	618
441	619
441	620
441	621
441	622
441	623
441	624
441	625
441	626
441	627
441	628
441	629
441	630
441	632
442	472
442	473
442	474
442	475
442	476
442	477
442	478
442	479
442	480
442	481
442	482
442	483
442	484
442	485
442	486
442	487
442	488
442	489
442	490
442	491
442	492
442	493
442	494
442	495
442	496
442	497
442	498
442	499
442	500
442	501
442	502
442	503
442	504
442	505
442	506
442	507
442	508
442	509
442	510
442	511
442	512
442	513
442	514
442	515
442	516
442	517
442	518
442	519
442	520
442	521
442	522
442	523
442	524
442	525
442	526
442	527
442	528
442	529
442	530
442	531
442	532
442	533
442	534
442	535
442	536
442	537
442	538
442	539
442	540
442	541
442	542
442	543
442	544
442	545
442	546
442	547
442	548
442	549
442	550
442	551
442	552
442	553
442	554
442	555
442	556
442	557
442	558
442	567
442	568
442	569
442	570
442	571
442	572
442	573
442	574
442	575
442	576
442	577
442	578
442	579
442	580
442	581
442	582
443	468
443	469
443	470
