438	773
438	774
438	775
438	776
438	777
438	778
438	779
438	780
438	781
439	656
439	657
439	658
439	659
439	660
439	661
439	662
439	663
439	664
439	665
439	666
439	667
439	668
439	669
439	670
439	671
439	672
439	673
439	674
439	675
439	676
439	677
439	678
439	679
439	680
439	681
439	682
439	683
439	684
439	685
439	686
439	687
439	688
439	689
439	690
439	691
439	692
439	693
439	694
439	695
439	696
439	697
439	719
439	720
439	721
439	722
439	723
439	724
439	725
439	726
439	727
439	728
439	729
439	730
439	731
439	732
439	733
439	734
439	735
439	736
439	737
439	738
439	739
439	740
439	741
439	742
439	743
439	744
439	745
439	746
439	747
439	748
439	749
439	750
439	751
439	752
439	753
439	754
439	755
439	756
439	757
439	758
439	759
439	760
439	761
439	762
439	763
439	764
439	765
439	766
439	767
439	768
439	769
439	770
439	771
440	623
440	624
440	625
440	626
440	627
440	628
440	629
440	630
440	631
440	632
440	633
440	634
440	635
440	636
440	637
440	638
440	639
440	640
440	641
440	642
440	643
440	644
440	645
440	646
440	647
440	698
440	699
440	700
440	701
440	702
440	703
440	705
440	706
440	707
440	708
440	709
440	710
440	772
440	773
440	774
440	775
440	776
440	777
440	778
440	779
440	780
440	781
440	782
440	783
441	468
441	469
441	470
441	471
441	472
441	473
441	474
441	475
441	476
441	477
441	478
441	479
441	480
441	481
441	482
441	483
441	484
441	485
441	486
441	487
441	488
441	489
441	490
441	491
441	492
441	493
441	494
441	495
441	496
441	497
441	498
441	499
441	500
441	501
441	502
441	503
441	504
441	505
441	506
441	507
441	508
441	509
441	510
441	511
441	512
441	513
441	514
441	515
441	516
441	517
441	518
441	519
441	520
441	521
441	522
441	523
441	524
441	525
441	526
441	527
441	528
441	529
441	530
441	531
441	532
441	533
441	534
441	535
441	536
441	537
441	538
441	539
441	540
441	541
441	542
441	543
441	544
441	545
441	546
441	547
441	548
441	549
441	550
441	551
441	552
441	553
441	554
441	555
441	556
441	557
441	558
441	559
441	560
441	561
441	562
441	563
441	564
441	565
441	566
441	567
441	568
441	569
441	570
441	571
441	572
441	573
441	574
441	575
441	576
441	577
441	578
441	579
441	580
441	581
441	582
441	583
441	584
441	585
441	586
441	587
441	588
441	589
441	590
441	591
441	592
441	593
441	594
441	595
441	596
441	597
441	598
441	599
441	600
441	601
441	602
441	603
441	604
441	605
441	606
441	607
441	608
441	609
441	610
441	611
441	612
441	613
441	614
441	615
441	616
441	617
441	618
441	656
441	657
441	658
441	659
441	660
441	661
441	662
441	663
441	664
441	665
441	666
441	667
441	668
441	669
441	670
441	671
441	672
441	673
441	674
441	675
441	676
441	677
441	678
441	679
441	680
441	681
441	682
441	683
441	684
441	685
441	686
441	687
441	688
441	704
441	712
441	713
441	714
441	718
441	719
441	720
441	721
441	722
441	723
441	724
441	725
441	726
441	727
441	728
441	729
441	730
441	731
441	732
441	733
441	734
441	735
441	736
441	737
441	738
441	739
441	740
441	741
441	742
441	743
441	744
441	745
441	746
441	747
441	748
441	749
441	750
441	751
441	752
441	753
441	754
441	755
441	756
441	757
441	758
441	759
441	760
441	761
441	762
441	763
441	764
441	765
441	766
441	767
441	768
441	769
442	620
442	621
442	622
442	623
442	624
442	625
442	626
442	627
442	628
442	629
442	630
442	631
442	632
442	633
442	634
442	635
442	636
442	637
442	638
442	639
442	640
442	641
442	642
442	643
442	644
442	645
442	646
442	647
442	648
442	649
442	650
442	651
442	652
442	653
442	654
442	655
442	689
442	690
442	691
442	692
442	693
442	694
442	695
442	709
442	710
442	711
442	715
442	716
442	717
443	468
443	469
443	470
443	471
443	472
443	473
443	474
443	475
443	476
443	477
443	478
443	479
443	480
443	481
443	482
443	483
443	484
443	485
443	486
443	487
443	488
443	489
443	490
443	491
443	492
443	493
443	494
443	495
443	496
443	497
443	498
443	499
443	500
443	501
443	502
443	503
443	504
443	505
443	506
443	507
443	508
443	509
443	510
443	511
443	512
443	513
443	514
443	515
443	516
443	517
443	518
443	519
443	520
443	521
443	522
443	523
443	524
443	525
443	526
443	527
443	528
443	529
443	530
443	531
443	532
443	533
443	534
443	535
443	536
443	537
443	538
443	539
443	540
443	541
443	542
443	543
443	544
443	545
443	546
443	547
443	548
443	549
443	550
443	551
443	552
443	553
443	554
443	555
443	556
443	557
443	558
443	559
443	560
443	561
443	562
443	563
443	564
443	565
443	566
443	567
443	568
443	569
443	570
443	571
443	572
443	573
443	574
443	575
443	576
443	577
443	578
443	579
443	580
443	581
443	582
443	583
443	584
443	585
443	586
443	587
443	588
443	589
443	590
443	591
443	592
443	593
443	594
443	595
443	596
443	597
443	598
443	599
443	600
443	601
443	602
443	603
443	604
443	605
443	606
443	607
443	608
443	609
443	610
443	611
443	612
443	613
443	614
443	615
443	616
443	617
443	618
443	619
