441	623
441	624
441	625
441	626
441	627
441	628
441	648
441	649
441	650
441	651
441	652
441	653
441	654
441	655
441	656
441	657
441	658
441	659
441	660
441	661
441	662
441	663
441	664
441	665
441	666
441	667
441	668
441	669
441	670
441	671
441	672
441	673
441	674
441	675
441	676
441	677
441	687
441	688
441	689
441	690
441	691
441	692
441	693
441	694
441	695
441	696
441	697
441	698
441	699
441	700
441	701
441	733
441	734
441	735
441	736
441	737
441	738
441	739
441	740
441	741
441	742
441	743
441	744
441	745
441	746
441	747
441	748
442	468
442	469
442	470
442	471
442	472
442	473
442	474
442	475
442	476
442	482
442	483
442	484
442	485
442	486
442	487
442	488
442	489
442	490
442	491
442	492
442	493
442	494
442	495
442	496
442	497
442	498
442	499
442	500
442	501
442	502
442	503
442	504
442	505
442	506
442	507
442	508
442	509
442	510
442	511
442	512
442	513
442	514
442	515
442	516
442	517
442	518
442	519
442	520
442	521
442	522
442	523
442	524
442	525
442	526
442	527
442	528
442	529
442	530
442	531
442	532
442	533
442	534
442	535
442	536
442	537
442	538
442	539
442	540
442	541
442	542
442	543
442	544
442	545
442	546
442	547
442	548
442	549
442	550
442	551
442	552
442	553
442	554
442	555
442	556
442	557
442	558
442	559
442	560
442	561
442	562
442	563
442	564
442	565
442	566
442	567
442	568
442	569
442	570
442	571
442	572
442	573
442	574
442	575
442	576
442	577
442	578
442	579
442	580
442	581
442	582
442	584
442	585
442	586
442	587
442	588
442	589
442	590
442	591
442	592
442	593
442	594
442	595
442	596
442	597
442	598
442	599
442	600
442	601
442	602
442	603
442	604
442	605
442	606
442	607
442	608
442	609
442	610
442	611
442	612
442	613
442	614
442	615
442	616
442	617
442	618
442	619
442	620
442	621
442	622
442	702
442	703
442	704
442	705
442	706
442	707
442	708
442	709
442	710
442	711
442	712
442	713
442	714
442	715
443	480
443	481
443	624
443	625
443	626
443	627
443	628
443	629
443	630
443	631
443	632
443	633
443	634
443	635
443	636
443	637
443	638
443	639
443	640
443	641
443	642
443	643
443	644
443	645
443	646
443	647
443	648
443	649
443	650
443	651
443	652
443	653
443	654
443	655
443	656
443	657
443	658
443	659
443	660
443	661
443	662
443	663
443	664
443	665
443	666
443	667
443	668
443	669
443	670
443	671
443	672
443	673
443	674
443	675
443	676
443	677
443	678
443	679
443	680
443	681
443	682
443	683
443	684
443	685
443	686
443	687
443	688
443	689
443	690
443	691
443	692
443	693
443	694
443	695
443	696
443	697
443	698
443	699
443	716
443	717
443	718
443	719
443	720
443	721
443	722
443	723
443	724
443	725
443	726
443	727
443	728
443	729
443	730
443	731
443	732
443	733
443	734
443	735
443	736
443	737
443	738
443	739
443	740
443	741
443	742
443	743
443	744
443	745
443	746
443	747
443	748
444	468
444	469
444	470
444	471
444	472
444	473
444	474
444	475
444	476
444	477
444	478
444	479
444	482
444	483
444	484
444	485
444	486
444	487
444	488
444	489
444	490
444	491
444	492
444	493
444	494
444	495
444	496
444	497
444	498
444	499
444	500
444	501
444	502
444	503
444	504
444	505
444	506
444	507
444	508
444	509
444	510
444	511
444	512
444	513
444	514
444	515
444	516
444	517
444	518
444	519
444	520
444	521
444	522
444	523
444	524
444	525
444	526
444	527
444	528
444	529
444	530
444	531
444	532
444	533
444	534
444	535
444	536
444	537
444	538
444	539
444	540
444	541
444	542
444	543
444	544
444	545
444	546
444	547
444	548
444	549
444	550
444	551
444	552
444	553
444	554
444	555
444	556
444	557
444	558
444	559
444	560
444	561
444	562
444	563
444	564
444	565
444	566
444	567
444	568
444	569
444	570
444	571
444	572
444	573
444	574
444	575
444	576
444	577
444	578
444	579
444	580
444	581
444	582
444	583
444	584
444	585
444	586
444	587
444	588
444	589
444	590
444	591
444	592
444	593
444	594
444	595
444	596
444	597
444	598
444	599
444	600
444	601
444	602
444	603
444	604
444	605
444	606
444	607
444	608
444	609
444	610
444	611
444	612
444	613
444	614
444	615
444	616
444	617
444	618
444	619
444	620
444	621
444	622
444	623
444	700
444	701
444	702
444	703
444	704
444	705
444	706
444	707
444	714
444	715
