439	758
439	759
439	760
439	761
439	762
439	763
439	764
439	765
439	766
440	637
440	638
440	649
440	650
440	651
440	652
440	653
440	654
440	655
440	656
440	657
440	658
440	659
440	660
440	661
440	662
440	663
440	664
440	665
440	666
440	667
440	668
440	669
440	670
440	671
440	672
440	673
440	674
440	675
440	676
440	677
440	678
440	679
440	680
440	681
440	682
440	683
440	684
440	685
440	686
440	687
440	688
440	689
440	690
440	691
440	692
440	693
440	694
440	695
440	696
440	697
440	698
440	699
440	700
440	701
440	702
440	703
440	711
440	712
440	713
440	714
440	715
440	716
440	717
440	718
440	719
440	720
440	721
440	722
440	723
440	724
440	725
440	726
440	727
440	728
440	729
440	730
440	731
440	732
440	733
440	734
440	735
440	736
440	737
440	738
440	739
440	740
440	741
440	742
440	743
440	744
440	745
440	746
440	747
440	748
440	749
440	750
440	751
440	752
440	753
440	754
440	755
440	756
440	757
441	472
441	473
441	474
441	475
441	476
441	477
441	478
441	479
441	480
441	481
441	482
441	483
441	484
441	485
441	486
441	487
441	488
441	600
441	601
441	602
441	603
441	604
441	605
441	606
441	607
441	608
441	609
441	610
441	611
441	612
441	613
441	614
441	615
441	616
441	617
441	618
441	619
441	620
441	621
441	622
441	623
441	624
441	625
441	626
441	627
441	628
441	629
441	630
441	631
441	632
441	633
441	634
441	635
441	636
441	639
441	640
441	704
441	705
441	706
441	707
441	708
441	709
441	710
441	759
441	760
441	761
441	762
441	763
441	764
441	765
441	766
441	767
442	468
442	492
442	493
442	494
442	495
442	496
442	497
442	498
442	499
442	500
442	501
442	502
442	503
442	504
442	505
442	506
442	507
442	508
442	509
442	510
442	511
442	512
442	555
442	556
442	557
442	558
442	559
442	560
442	561
442	562
442	563
442	564
442	565
442	566
442	567
442	568
442	569
442	570
442	571
442	572
442	573
442	574
442	575
442	576
442	577
442	578
442	579
442	580
442	581
442	582
442	583
442	584
442	585
442	586
442	587
442	588
442	589
442	592
442	593
442	594
442	595
442	596
442	597
442	598
442	599
442	643
442	644
442	645
442	646
442	647
442	648
442	649
442	650
442	651
442	652
442	653
442	654
442	655
442	656
442	657
442	658
442	659
442	660
442	661
442	662
442	663
442	664
442	665
442	666
442	667
442	668
442	669
442	670
442	671
442	672
442	673
442	674
442	675
442	676
442	677
442	678
442	679
442	680
442	681
442	682
442	683
442	684
442	685
442	686
442	687
442	688
442	689
442	690
442	691
442	692
442	693
442	694
442	695
442	696
442	697
442	698
442	699
442	700
442	701
442	702
442	703
442	711
442	712
442	713
442	714
442	715
442	716
442	717
442	718
442	719
442	720
442	721
442	722
442	723
442	724
442	725
442	726
442	727
442	728
442	729
442	730
442	731
442	732
442	733
442	734
442	735
442	736
442	737
442	738
442	739
442	740
442	741
442	742
442	743
442	744
442	745
442	746
442	747
442	748
442	749
442	750
442	751
442	752
442	753
442	754
442	755
442	756
442	757
442	758
443	469
443	470
443	471
443	472
443	473
443	474
443	475
443	476
443	477
443	478
443	479
443	480
443	481
443	482
443	483
443	484
443	485
443	486
443	487
443	488
443	489
443	490
443	515
443	516
443	517
443	518
443	519
443	520
443	521
443	522
443	523
443	524
443	525
443	526
443	527
443	528
443	529
443	530
443	531
443	532
443	533
443	534
443	535
443	536
443	537
443	538
443	539
443	540
443	541
443	542
443	543
443	544
443	545
443	546
443	547
443	548
443	549
443	550
443	551
443	590
443	591
443	600
443	601
443	602
443	603
443	604
443	605
443	606
443	607
443	608
443	609
443	610
443	611
443	612
443	613
443	614
443	615
443	616
443	617
443	618
443	619
443	620
443	621
443	622
443	623
443	624
443	625
443	626
443	627
443	628
443	629
443	630
443	631
443	632
443	633
443	634
443	635
443	636
443	637
443	638
443	639
443	640
443	641
443	642
444	491
444	492
444	493
444	494
444	495
444	496
444	497
444	498
444	499
444	500
444	501
444	502
444	503
444	504
444	505
444	506
444	507
444	508
444	509
444	510
444	511
444	512
444	513
444	514
444	552
444	553
444	554
444	555
444	556
444	557
444	558
444	559
444	560
444	561
444	562
444	563
444	564
444	565
444	566
444	567
444	568
444	569
444	570
444	571
444	572
444	573
444	574
444	575
444	576
444	577
444	578
444	579
444	580
444	581
444	582
444	583
444	584
444	585
444	586
444	587
444	588
444	589
444	592
444	593
444	594
444	595
444	596
444	597
444	598
444	599
