440	721
440	722
440	723
440	724
440	726
440	727
440	728
440	729
440	730
440	731
440	732
440	733
440	734
440	735
440	736
440	737
440	738
440	739
440	740
440	741
440	742
440	743
440	744
440	745
440	746
440	747
440	748
440	749
440	750
440	751
440	752
440	753
440	754
440	755
440	756
440	757
440	758
440	759
441	472
441	473
441	474
441	475
441	476
441	477
441	478
441	479
441	480
441	481
441	484
441	485
441	486
441	623
441	624
441	625
441	626
441	627
441	628
441	629
441	630
441	631
441	632
441	633
441	634
441	635
441	636
441	637
441	638
441	639
441	640
441	641
441	642
441	643
441	644
441	645
441	653
441	654
441	655
441	665
441	666
441	667
441	668
441	669
441	670
441	671
441	672
441	673
441	674
441	675
441	694
441	695
441	696
441	697
441	698
441	699
441	700
441	701
441	702
441	703
441	704
441	705
441	706
441	707
441	708
441	709
441	710
441	711
441	712
441	713
441	714
441	715
441	716
441	717
441	718
441	719
441	720
441	760
441	761
442	468
442	469
442	487
442	488
442	489
442	490
442	491
442	492
442	493
442	494
442	495
442	496
442	497
442	498
442	499
442	500
442	501
442	502
442	503
442	504
442	505
442	506
442	507
442	508
442	509
442	510
442	511
442	512
442	513
442	514
442	515
442	516
442	517
442	518
442	519
442	520
442	521
442	522
442	523
442	524
442	525
442	526
442	527
442	528
442	529
442	533
442	534
442	535
442	536
442	537
442	538
442	539
442	540
442	541
442	542
442	543
442	544
442	545
442	546
442	547
442	548
442	549
442	550
442	551
442	552
442	553
442	554
442	555
442	556
442	557
442	558
442	559
442	560
442	561
442	562
442	563
442	564
442	565
442	566
442	567
442	568
442	569
442	570
442	571
442	572
442	573
442	574
442	575
442	576
442	577
442	578
442	579
442	580
442	581
442	582
442	583
442	584
442	585
442	586
442	587
442	588
442	589
442	590
442	591
442	592
442	593
442	594
442	595
442	596
442	597
442	598
442	599
442	600
442	601
442	602
442	603
442	604
442	605
442	606
442	607
442	649
442	650
442	651
442	652
442	656
442	659
442	660
442	661
442	662
442	663
442	664
442	676
442	677
442	678
442	679
442	680
442	681
442	682
442	683
442	684
442	685
442	686
442	687
442	688
442	689
442	690
442	691
442	692
442	721
442	722
442	723
442	724
442	725
442	726
442	727
442	728
442	729
442	730
442	731
442	732
442	733
442	734
442	735
442	736
442	737
442	738
442	739
442	740
442	741
442	742
442	743
442	744
442	745
442	746
442	747
442	748
442	749
442	750
442	751
442	752
442	753
442	754
442	755
442	756
442	757
442	758
443	470
443	471
443	472
443	473
443	474
443	475
443	476
443	477
443	478
443	479
443	480
443	481
443	482
443	483
443	484
443	485
443	486
443	531
443	609
443	610
443	611
443	612
443	613
443	614
443	615
443	616
443	617
443	618
443	619
443	620
443	621
443	622
443	623
443	624
443	625
443	626
443	627
443	628
443	629
443	630
443	631
443	632
443	633
443	634
443	635
443	636
443	637
443	638
443	639
443	640
443	641
443	642
443	643
443	644
443	645
443	646
443	647
443	648
443	657
443	658
443	693
443	694
443	695
443	696
443	697
443	698
443	699
443	700
443	701
443	702
443	703
443	704
443	705
443	706
443	707
443	708
443	709
443	710
443	711
443	712
443	713
443	714
443	715
443	716
443	717
443	718
443	719
443	720
444	488
444	489
444	490
444	491
444	492
444	493
444	494
444	495
444	496
444	497
444	498
444	499
444	500
444	501
444	502
444	503
444	504
444	505
444	506
444	507
444	508
444	509
444	510
444	511
444	512
444	513
444	514
444	515
444	521
444	522
444	523
444	524
444	525
444	526
444	527
444	528
444	529
444	530
444	532
444	533
444	534
444	535
444	536
444	537
444	538
444	539
444	540
444	541
444	542
444	543
444	544
444	545
444	546
444	547
444	548
444	549
444	550
444	551
444	552
444	553
444	554
444	555
444	556
444	557
444	558
444	559
444	560
444	561
444	562
444	563
444	564
444	565
444	566
444	567
444	568
444	569
444	570
444	571
444	572
444	573
444	574
444	575
444	576
444	577
444	578
444	579
444	580
444	581
444	582
444	583
444	584
444	585
444	586
444	587
444	588
444	589
444	590
444	591
444	592
444	593
444	594
444	595
444	596
444	597
444	598
444	599
444	600
444	601
444	602
444	603
444	604
444	605
444	606
444	607
444	608
