433	797
433	798
433	799
433	800
433	801
433	802
433	803
433	804
433	805
433	806
433	807
433	808
433	809
433	810
433	811
433	812
433	813
433	814
433	815
433	816
433	817
433	818
433	819
433	820
433	821
433	822
433	823
433	824
433	835
433	836
434	775
434	776
434	777
434	778
434	779
434	780
434	781
434	782
434	783
434	784
434	785
434	786
434	787
434	788
434	789
434	790
434	791
434	792
434	793
434	794
434	795
434	825
434	826
434	827
434	828
434	829
434	830
434	831
434	832
434	833
434	834
435	735
435	736
435	737
435	738
435	739
435	740
435	741
435	742
435	743
435	744
435	745
435	746
435	747
435	748
435	749
435	750
435	751
435	752
435	753
435	754
435	755
435	756
435	757
435	758
435	759
435	760
435	761
435	762
435	763
435	764
435	765
435	766
435	767
435	768
435	769
435	770
435	771
435	799
435	800
435	801
435	802
435	803
435	804
435	805
435	806
435	807
435	808
435	809
435	810
435	811
435	812
435	813
435	814
435	815
435	816
435	817
435	818
435	819
435	820
435	821
435	822
435	823
435	824
435	835
436	721
436	722
436	723
436	724
436	725
436	726
436	727
436	728
436	729
436	730
436	731
436	732
436	775
436	776
436	777
436	778
436	779
436	780
436	781
436	782
436	783
436	784
436	785
436	786
436	787
436	788
436	789
436	790
436	791
436	792
436	793
436	794
436	795
436	796
436	797
436	798
437	648
437	649
437	650
437	651
437	652
437	653
437	654
437	655
437	656
437	657
437	658
437	659
437	660
437	661
437	662
437	663
437	664
437	665
437	666
437	667
437	672
437	673
437	674
437	675
437	676
437	677
437	678
437	679
437	680
437	681
437	682
437	683
437	684
437	685
437	686
437	687
437	688
437	689
437	690
437	691
437	692
437	693
437	694
437	695
437	696
437	704
437	705
437	706
437	707
437	708
437	709
437	710
437	711
437	712
437	713
437	714
437	715
437	734
437	735
437	736
437	737
437	738
437	739
437	740
437	741
437	742
437	743
437	744
437	745
437	746
437	747
437	748
437	749
437	750
437	751
437	752
437	753
437	754
437	755
437	756
437	757
437	758
437	759
437	760
437	761
437	762
437	763
437	764
437	765
437	766
437	767
437	768
437	769
437	770
437	771
437	772
437	773
437	774
438	618
438	619
438	620
438	621
438	622
438	623
438	624
438	625
438	626
438	627
438	628
438	629
438	630
438	631
438	632
438	633
438	634
438	635
438	636
438	637
438	638
438	639
438	640
438	670
438	671
438	697
438	698
438	699
438	700
438	701
438	702
438	703
438	716
438	717
438	718
438	719
438	720
438	721
438	722
438	723
438	724
438	725
438	726
438	727
438	728
438	729
438	730
438	731
438	732
438	733
439	560
439	561
439	562
439	563
439	564
439	565
439	566
439	567
439	568
439	569
439	570
439	571
439	572
439	573
439	574
439	575
439	576
439	577
439	578
439	579
439	580
439	581
439	582
439	583
439	584
439	585
439	586
439	587
439	588
439	589
439	590
439	591
439	592
439	593
439	594
439	595
439	596
439	597
439	598
439	599
439	600
439	601
439	602
439	603
439	604
439	605
439	606
439	607
439	608
439	609
439	610
439	611
439	612
439	613
439	614
439	641
439	642
439	643
439	644
439	645
439	646
439	647
439	648
439	649
439	650
439	651
439	652
439	653
439	654
439	655
439	656
439	657
439	658
439	659
439	660
439	661
439	662
439	663
439	664
439	665
439	666
439	667
439	668
439	669
439	672
439	673
439	674
439	675
439	676
439	677
439	678
439	679
439	680
439	681
439	682
439	683
439	684
439	685
439	686
439	704
439	705
439	706
439	707
439	708
439	709
439	710
439	711
440	474
440	475
440	476
440	477
440	478
440	479
440	480
440	481
440	482
440	483
440	484
440	485
440	486
440	487
440	488
440	489
440	490
440	491
440	492
440	496
440	497
440	498
440	499
440	500
440	501
440	502
440	503
440	504
440	505
440	506
440	507
440	508
440	509
440	510
440	511
440	512
440	513
440	514
440	515
440	516
440	517
440	518
440	519
440	520
440	521
440	522
440	523
440	524
440	525
440	526
440	527
440	528
440	617
440	618
440	619
440	620
440	621
440	622
440	623
440	624
440	625
440	626
440	627
440	628
440	629
440	630
440	631
440	632
440	633
440	634
440	635
440	636
440	637
440	638
440	639
440	640
441	468
441	470
441	471
441	529
441	530
441	531
441	532
441	533
441	534
441	535
441	536
441	537
441	538
441	539
441	540
441	541
441	542
441	543
441	544
441	545
441	546
441	547
441	548
441	549
441	550
441	551
441	552
441	553
441	554
441	555
441	556
441	557
441	558
441	559
441	560
441	561
441	562
441	563
441	564
441	565
441	566
441	567
441	568
441	569
441	570
441	571
441	572
441	573
441	574
441	575
441	576
441	577
441	578
441	579
441	580
441	581
441	582
441	583
441	584
441	585
441	586
441	587
441	588
441	589
441	590
441	591
441	592
441	593
441	594
441	595
441	596
441	597
441	598
441	599
441	600
441	601
441	602
441	603
441	604
441	605
441	606
441	607
441	608
441	609
441	610
441	611
441	612
441	613
441	614
441	615
441	616
442	469
442	472
442	473
442	474
442	475
442	476
442	477
442	478
442	479
442	480
442	481
442	482
442	483
442	484
442	485
442	486
442	487
442	488
442	489
442	490
442	491
442	492
442	493
442	494
442	495
442	496
442	497
442	498
442	499
442	500
442	501
442	502
442	503
442	504
442	505
442	506
442	507
442	508
442	509
442	510
442	511
442	512
442	513
442	514
442	515
442	516
442	517
442	518
442	519
442	520
442	521
442	522
442	523
442	524
442	525
