435	803
435	804
435	805
435	806
435	807
435	808
435	809
436	784
436	785
436	786
436	787
436	788
436	789
437	736
437	737
437	738
437	739
437	740
437	741
437	742
437	743
437	744
437	745
437	746
437	747
437	748
437	749
437	750
437	751
437	752
437	753
437	754
437	755
437	756
437	757
437	758
437	759
437	760
437	801
437	802
437	803
437	804
437	805
437	806
437	807
437	808
437	809
437	810
438	654
438	655
438	656
438	657
438	658
438	659
438	660
438	661
438	662
438	663
438	664
438	665
438	666
438	667
438	668
438	669
438	670
438	671
438	672
438	673
438	674
438	675
438	676
438	677
438	678
438	679
438	680
438	681
438	682
438	683
438	684
438	685
438	686
438	687
438	688
438	689
438	690
438	691
438	692
438	693
438	694
438	695
438	696
438	697
438	698
438	699
438	700
438	701
438	702
438	703
438	704
438	705
438	706
438	707
438	708
438	709
438	710
438	711
438	712
438	713
438	714
438	715
438	716
438	717
438	718
438	719
438	720
438	721
438	722
438	723
438	724
438	725
438	765
438	766
438	767
438	768
438	769
438	777
438	778
438	779
438	780
438	781
438	782
438	783
438	784
438	785
438	786
438	787
438	788
438	789
438	790
438	791
438	792
438	793
438	794
438	795
438	796
438	797
438	798
438	799
438	800
439	619
439	620
439	621
439	622
439	623
439	624
439	625
439	626
439	627
439	628
439	629
439	630
439	631
439	632
439	633
439	634
439	635
439	636
439	637
439	638
439	639
439	640
439	641
439	642
439	643
439	644
439	645
439	646
439	647
439	648
439	649
439	650
439	651
439	652
439	653
439	728
439	729
439	730
439	731
439	732
439	733
439	734
439	735
439	736
439	737
439	738
439	739
439	740
439	741
439	742
439	743
439	744
439	745
439	746
439	747
439	748
439	749
439	750
439	751
439	752
439	753
439	754
439	755
439	756
439	757
439	758
439	759
439	760
439	761
439	762
439	763
439	764
439	770
439	771
439	772
439	773
439	774
439	775
439	776
440	558
440	559
440	560
440	561
440	562
440	563
440	564
440	565
440	566
440	567
440	568
440	569
440	570
440	571
440	572
440	573
440	574
440	575
440	576
440	577
440	578
440	579
440	580
440	581
440	582
440	583
440	584
440	585
440	586
440	587
440	588
440	589
440	590
440	591
440	592
440	593
440	594
440	595
440	596
440	597
440	598
440	599
440	600
440	601
440	602
440	603
440	604
440	605
440	606
440	607
440	608
440	609
440	610
440	611
440	612
440	613
440	614
440	615
440	616
440	654
440	655
440	656
440	660
440	661
440	662
440	663
440	664
440	665
440	666
440	667
440	668
440	669
440	670
440	671
440	672
440	673
440	674
440	675
440	676
440	677
440	678
440	679
440	680
440	681
440	682
440	683
440	684
440	685
440	686
440	687
440	688
440	689
440	690
440	691
440	692
440	693
440	694
440	695
440	696
440	697
440	698
440	699
440	700
440	701
440	702
440	703
440	704
440	705
440	706
440	707
440	708
440	709
440	710
440	711
440	712
440	713
440	714
440	715
440	716
440	717
440	718
440	719
440	720
440	721
440	722
440	723
440	724
440	725
440	726
440	727
441	468
441	469
441	470
441	471
441	472
441	473
441	474
441	475
441	476
441	477
441	478
441	479
441	480
441	481
441	482
441	483
441	484
441	485
441	486
441	487
441	488
441	489
441	490
441	491
441	492
441	493
441	494
441	495
441	496
441	497
441	498
441	499
441	500
441	501
441	502
441	503
441	504
441	505
441	506
441	507
441	508
441	509
441	510
441	511
441	512
441	513
441	514
441	515
441	516
441	517
441	518
441	519
441	532
441	533
441	534
441	535
441	555
441	556
441	617
441	618
441	619
441	620
441	621
441	622
441	623
441	624
441	625
441	626
441	627
441	628
441	629
441	630
441	631
441	632
441	633
441	634
441	635
441	636
441	637
441	638
441	639
441	640
441	641
441	642
441	643
441	644
441	645
441	646
441	647
441	648
441	649
441	650
441	651
441	652
441	653
441	657
441	658
441	659
442	520
442	521
442	522
442	523
442	524
442	525
442	526
442	527
442	528
442	529
442	530
442	531
442	536
442	537
442	538
442	539
442	540
442	541
442	542
442	543
442	544
442	545
442	546
442	547
442	548
442	549
442	550
442	551
442	552
442	553
442	554
442	557
442	558
442	559
442	560
442	561
442	562
442	563
442	564
442	565
442	566
442	583
442	584
442	585
442	586
442	587
442	588
442	589
442	590
442	591
442	592
442	593
442	594
442	595
442	596
442	597
442	598
442	599
442	600
442	601
442	602
442	603
442	604
442	605
442	606
442	607
442	608
442	609
442	610
442	611
442	612
442	613
442	614
442	615
442	616
443	468
443	469
443	470
443	471
443	472
443	473
443	474
443	475
443	476
443	477
443	478
443	479
443	480
443	481
443	482
443	483
443	484
443	485
443	486
443	487
443	488
443	489
443	490
443	491
443	492
443	493
443	494
443	495
443	496
443	497
443	498
443	499
443	500
443	501
443	502
443	503
443	504
443	505
443	506
443	507
443	508
443	509
443	510
443	511
443	512
443	513
443	514
443	515
443	516
443	517
443	518
443	519
443	567
443	568
443	569
443	570
443	571
443	572
443	573
443	574
443	575
443	576
443	577
443	578
443	579
443	580
443	581
443	582
