432	818
432	819
432	820
432	821
432	822
432	823
432	824
432	825
432	826
432	827
432	828
432	829
432	830
432	831
432	832
432	833
432	834
432	835
432	836
432	837
432	838
433	795
433	796
433	797
433	798
433	799
433	800
433	801
433	802
433	803
433	804
433	805
433	806
433	807
433	808
433	809
433	810
433	811
433	812
433	813
433	814
433	815
434	767
434	768
434	769
434	770
434	771
434	772
434	773
434	774
434	775
434	776
434	777
434	778
434	779
434	780
434	781
434	782
434	783
434	784
434	785
434	786
434	787
434	788
434	816
434	817
434	818
434	819
434	820
434	821
434	822
434	823
434	824
434	825
434	826
434	827
434	828
434	829
434	830
434	831
434	832
434	833
434	834
434	835
434	836
434	837
434	838
435	728
435	729
435	730
435	731
435	732
435	733
435	734
435	735
435	736
435	737
435	738
435	739
435	740
435	741
435	742
435	743
435	744
435	745
435	746
435	747
435	748
435	749
435	750
435	751
435	752
435	753
435	754
435	790
435	791
435	792
435	793
435	794
435	795
435	796
435	797
435	798
435	799
435	800
435	801
435	802
435	803
435	804
435	805
435	806
435	807
435	808
435	809
435	810
435	811
435	812
435	813
435	814
435	815
436	668
436	669
436	670
436	671
436	672
436	673
436	674
436	675
436	676
436	680
436	681
436	682
436	683
436	684
436	685
436	686
436	687
436	688
436	689
436	690
436	691
436	692
436	693
436	694
436	695
436	696
436	697
436	698
436	699
436	700
436	701
436	702
436	703
436	704
436	705
436	706
436	707
436	708
436	711
436	712
436	713
436	714
436	715
436	716
436	717
436	718
436	719
436	720
436	721
436	722
436	723
436	724
436	725
436	726
436	759
436	760
436	761
436	762
436	763
436	764
436	765
436	766
436	767
436	768
436	769
436	770
436	771
436	772
436	773
436	774
436	775
436	776
436	777
436	778
436	779
436	780
436	781
436	782
436	783
436	784
436	785
436	786
436	787
436	788
436	789
437	639
437	640
437	641
437	642
437	643
437	644
437	645
437	646
437	647
437	648
437	649
437	650
437	651
437	652
437	653
437	654
437	655
437	656
437	657
437	658
437	659
437	660
437	661
437	662
437	663
437	664
437	678
437	679
437	727
437	728
437	729
437	730
437	731
437	732
437	733
437	734
437	735
437	736
437	737
437	738
437	739
437	740
437	741
437	742
437	743
437	744
437	745
437	746
437	747
437	748
437	749
437	750
437	751
437	752
437	753
437	754
437	755
437	756
437	757
437	758
438	596
438	597
438	598
438	599
438	600
438	601
438	602
438	603
438	604
438	605
438	606
438	607
438	608
438	609
438	610
438	611
438	612
438	613
438	614
438	615
438	616
438	617
438	618
438	619
438	620
438	621
438	622
438	623
438	624
438	625
438	626
438	627
438	628
438	629
438	630
438	631
438	632
438	633
438	634
438	635
438	665
438	666
438	667
438	668
438	669
438	670
438	671
438	672
438	673
438	674
438	675
438	682
438	683
438	684
438	685
438	686
438	687
438	688
438	689
438	690
438	691
438	692
438	693
438	694
438	695
438	696
438	697
438	698
438	699
438	700
438	701
438	702
438	703
438	704
438	705
438	706
438	707
438	708
438	710
438	711
438	712
438	713
438	714
438	715
438	716
438	717
438	718
438	719
438	720
438	721
438	722
438	723
438	725
438	726
439	530
439	531
439	532
439	533
439	534
439	535
439	536
439	537
439	538
439	539
439	540
439	541
439	542
439	543
439	544
439	545
439	546
439	547
439	548
439	549
439	550
439	551
439	552
439	553
439	554
439	555
439	556
439	557
439	558
439	559
439	560
439	561
439	562
439	563
439	564
439	565
439	566
439	567
439	568
439	569
439	570
439	571
439	572
439	573
439	574
439	575
439	576
439	577
439	578
439	579
439	580
439	581
439	582
439	583
439	584
439	585
439	586
439	587
439	588
439	589
439	590
439	591
439	592
439	593
439	594
439	595
439	636
439	637
439	638
439	639
439	640
439	641
439	642
439	643
439	644
439	645
439	646
439	647
439	648
439	649
439	650
439	651
439	652
439	653
439	654
439	655
439	656
439	657
439	658
439	659
439	660
439	661
439	662
439	663
439	664
439	676
439	677
439	678
439	679
439	680
439	681
439	709
440	468
440	469
440	470
440	471
440	472
440	473
440	474
440	475
440	476
440	477
440	478
440	479
440	480
440	481
440	482
440	483
440	484
440	485
440	486
440	487
440	488
440	489
440	490
440	491
440	492
440	493
440	494
440	495
440	496
440	497
440	498
440	499
440	500
440	501
440	502
440	503
440	504
440	505
440	506
440	507
440	508
440	509
440	510
440	511
440	512
440	604
440	605
440	606
440	607
440	608
440	609
440	610
440	611
440	612
440	613
440	614
440	615
440	616
440	617
440	618
440	619
440	620
440	621
440	622
440	623
440	624
440	625
440	626
440	627
440	628
440	629
440	630
440	631
440	632
440	633
441	513
441	514
441	515
441	516
441	517
441	518
441	519
441	520
441	521
441	522
441	523
441	524
441	525
441	526
441	527
441	528
441	529
441	530
441	531
441	532
441	533
441	534
441	535
441	536
441	537
441	538
441	539
441	540
441	541
441	542
441	543
441	544
441	545
441	546
441	547
441	548
441	549
441	550
441	551
441	552
441	553
441	554
441	555
441	556
441	557
441	558
441	559
441	560
441	561
441	562
441	563
441	564
441	565
441	566
441	567
441	568
441	569
441	570
441	571
441	572
441	573
441	574
441	575
441	576
441	577
441	578
441	579
441	580
441	581
441	582
441	583
441	584
441	585
441	586
441	587
441	588
441	589
441	590
441	591
441	592
441	593
441	594
441	595
441	596
441	597
441	598
441	599
441	600
441	601
441	602
441	603
442	469
442	470
442	471
442	472
442	473
442	474
442	475
442	476
442	477
442	478
442	479
442	480
442	481
442	482
442	483
442	484
442	485
442	486
442	487
442	488
442	489
442	490
442	491
442	492
442	493
442	494
442	495
442	496
442	497
442	498
442	499
442	500
442	501
442	502
442	503
442	504
442	505
442	506
442	507
442	508
442	509
442	510
442	511
